function [n1 n2] = initializer()

n1 = [0 1 1 1 0 1 0 1 0 1 1 1 1 1 1 1 1 0 0 0 0 0 1 0 ...
0 1 0 0 1 0 0 1 0 1 1 1 1 0 0 0 0 0 1 0 0 1 0 0 1 ...
0 0 1 0 1 1 1 1 0 0 0 0 1 0 1];

n2 = [0 1 1 1 0 1 0 1 0 1 1 1 1 1 1 1 1 0 0 0 0 0 1 0 ...
0 1 0 0 1 0 0 1 0 1 1 1 1 0 0 0 0 0 1 0 0 1 0 0 1 ...
0 0 1 0 1 1 1 1 0 1 0 0 1 1 0];


end

